 16 1000
 236 1000
 556 1000
 261 999
 781 999
 831 999
 841 999
 873 999
 422 997
 970 997
 235 996
 484 996
 617 996
 809 996
 810 996
 92 995
 111 995
 119 994
 124 994
 314 994
 813 994
 144 993
 15 992
 210 992
 483 992
 198 990
 398 990
 383 989
 957 989
 537 988
 848 988
 325 985
 840 985
 740 984
 930 984
 12 983
 679 983
 834 982
 54 980
 62 980
 825 980
 967 980
 562 979
 843 979
 908 978
 22 977
 36 977
 130 977
 332 977
 648 976
 466 975
 544 975
 872 975
 222 974
 237 974
 250 974
 300 973
 315 973
 389 973
 228 972
 601 972
 607 972
 483 971
 500 971
 627 971
 349 970
 486 970
 865 970
 95 968
 499 968
 556 968
 609 968
 844 968
 421 967
 870 966
 948 965
 433 964
 952 964
 112 963
 583 962
 605 962
 658 962
 778 962
 329 961
 701 961
 790 961
 577 959
 583 957
 779 957
 285 956
 7 955
 230 955
 840 955
 1 954
 199 954
 270 954
 420 954
 526 954
 784 954
 612 953
 754 953
 784 953
 461 952
 29 951
 573 949
 579 949
 229 948
 356 948
 393 948
 588 948
 188 947
 29 945
 267 945
 315 945
 677 944
 877 944
 41 942
 84 942
 659 942
 717 942
 921 942
 381 941
 133 940
 313 940
 567 940
 366 939
 393 939
 878 939
 945 939
 313 938
 5 935
 166 934
 511 934
 875 934
 499 933
 719 932
 544 931
 711 931
 212 930
 70 929
 167 929
 672 929
 954 929
 182 928
 737 928
 894 928
 509 927
 560 927
 896 927
 286 926
 766 926
 406 925
 761 925
 227 924
 228 924
 589 924
 488 923
 216 921
 310 921
 484 921
 935 921
 413 920
 147 919
 738 919
 102 918
 767 918
 794 918
 386 917
 295 916
 444 914
 876 914
 13 913
 712 913
 65 912
 118 912
 167 912
 956 912
 402 911
 772 910
 216 909
 101 908
 186 907
 424 907
 865 907
 389 906
 797 906
 286 905
 529 905
 795 905
 242 904
 928 904
 981 904
 338 903
 760 903
 861 903
 775 902
 60 901
 221 901
 348 901
 560 901
 164 900
 371 900
 532 900
 748 900
 1000 900
 53 898
 259 898
 471 898
 182 897
 288 896
 614 896
 790 896
 144 895
 780 895
 63 894
 978 894
 705 893
 857 893
 77 892
 347 891
 67 890
 224 890
 438 890
 916 890
 667 889
 884 889
 779 888
 42 887
 374 887
 648 887
 812 887
 956 887
 596 886
 287 885
 381 885
 900 885
 70 883
 106 883
 293 883
 474 883
 622 882
 258 881
 901 881
 625 880
 756 879
 138 878
 138 876
 209 876
 413 876
 978 875
 814 874
 923 874
 553 873
 692 873
 858 873
 183 872
 197 872
 423 872
 777 872
 898 871
 198 870
 746 870
 278 869
 403 869
 65 868
 148 867
 223 867
 649 866
 167 862
 456 860
 824 860
 231 859
 939 859
 69 858
 363 858
 57 857
 404 857
 515 856
 839 856
 335 855
 786 855
 51 854
 63 854
 121 854
 437 854
 509 854
 545 854
 579 854
 666 853
 618 852
 878 851
 121 850
 471 850
 910 850
 304 849
 654 849
 271 848
 193 847
 811 847
 357 845
 367 844
 568 844
 128 843
 675 843
 3 842
 227 842
 284 842
 127 841
 948 841
 963 841
 328 840
 337 840
 507 839
 984 839
 552 838
 728 838
 871 838
 134 837
 691 836
 785 836
 538 834
 865 834
 530 833
 542 833
 56 831
 433 831
 768 831
 824 831
 342 830
 224 829
 699 828
 962 828
 204 827
 338 827
 5 826
 51 826
 696 826
 28 825
 537 825
 788 825
 979 825
 939 824
 326 823
 741 823
 463 822
 776 822
 696 820
 355 818
 362 818
 41 816
 882 816
 449 814
 716 814
 799 813
 807 813
 917 813
 965 813
 434 811
 965 811
 505 810
 979 810
 743 809
 858 809
 268 808
 345 808
 953 808
 2 806
 126 806
 478 806
 680 806
 810 805
 2 804
 125 803
 127 803
 881 803
 659 802
 317 801
 458 801
 517 801
 946 801
 424 800
 787 800
 568 799
 856 798
 675 797
 696 796
 75 795
 220 795
 392 795
 694 795
 787 795
 53 793
 248 793
 254 793
 554 793
 520 792
 820 792
 855 792
 944 792
 47 791
 132 791
 173 791
 407 791
 882 790
 91 789
 122 789
 301 789
 547 789
 649 789
 157 788
 356 788
 592 786
 887 786
 825 784
 281 783
 720 783
 797 783
 326 782
 28 781
 441 781
 12 780
 598 780
 732 780
 350 779
 557 779
 576 779
 682 779
 79 778
 193 778
 609 778
 911 777
 51 776
 526 776
 650 776
 750 776
 765 776
 11 775
 226 775
 377 775
 576 775
 810 775
 21 774
 269 774
 705 774
 798 774
 204 773
 216 773
 344 773
 368 772
 596 772
 289 771
 959 771
 806 770
 721 769
 196 768
 562 768
 917 768
 963 768
 387 767
 598 767
 835 767
 173 766
 284 766
 54 765
 520 765
 39 764
 184 764
 630 763
 359 762
 240 761
 786 760
 852 760
 899 760
 255 759
 509 759
 751 759
 977 758
 363 757
 219 756
 347 756
 438 756
 2 755
 394 754
 727 754
 728 754
 54 753
 191 753
 641 753
 124 752
 251 752
 542 752
 402 751
 488 751
 714 751
 763 751
 829 751
 413 747
 487 747
 516 747
 253 746
 263 746
 634 746
 841 746
 905 746
 864 745
 924 745
 983 745
 81 744
 216 744
 316 744
 669 744
 510 743
 700 742
 86 741
 137 741
 268 741
 378 741
 866 741
 238 739
 190 738
 450 738
 618 738
 862 738
 248 736
 285 736
 881 736
 885 736
 944 736
 210 735
 394 735
 449 735
 873 735
 925 735
 989 735
 234 734
 274 734
 873 734
 316 733
 654 733
 81 732
 177 732
 273 732
 578 732
 868 731
 415 729
 971 729
 952 727
 145 726
 487 726
 635 726
 699 726
 892 726
 934 726
 595 724
 1 723
 86 723
 610 723
 906 723
 320 722
 720 722
 902 722
 140 721
 274 721
 464 721
 453 720
 571 720
 569 719
 584 719
 798 719
 401 718
 505 718
 745 718
 488 717
 673 717
 521 716
 483 715
 517 715
 34 714
 722 713
 4 711
 20 711
 27 711
 336 711
 136 710
 981 710
 248 709
 301 708
 647 708
 837 708
 960 707
 203 706
 934 706
 686 705
 697 705
 285 703
 217 702
 13 701
 933 701
 989 700
 589 699
 947 699
 41 698
 503 698
 775 698
 878 698
 13 697
 531 697
 14 696
 86 696
 186 696
 219 696
 387 696
 51 695
 280 695
 523 695
 853 695
 136 694
 366 693
 690 693
 259 692
 276 692
 603 690
 788 690
 395 689
 768 689
 483 688
 839 688
 50 687
 631 687
 753 687
 98 686
 589 686
 613 686
 416 685
 710 685
 800 685
 5 684
 107 684
 544 684
 619 684
 96 683
 868 683
 483 681
 682 681
 961 681
 419 680
 620 680
 856 680
 580 679
 911 679
 984 679
 557 678
 646 678
 314 676
 925 676
 542 675
 674 674
 593 673
 935 673
 922 672
 402 671
 108 670
 614 670
 17 669
 767 669
 44 668
 83 668
 167 668
 441 668
 641 668
 68 667
 261 667
 219 666
 359 666
 559 666
 428 665
 527 665
 722 665
 10 664
 16 664
 320 664
 405 664
 662 664
 873 664
 956 663
 25 662
 254 662
 279 660
 664 660
 17 659
 100 659
 649 659
 950 659
 422 658
 951 658
 76 656
 596 656
 145 655
 324 655
 722 655
 863 654
 170 653
 545 653
 792 652
 153 649
 166 649
 267 649
 416 649
 570 649
 709 646
 35 645
 681 645
 238 644
 335 644
 861 644
 268 643
 340 643
 350 643
 489 643
 706 643
 843 643
 953 642
 744 640
 747 640
 416 639
 947 639
 156 637
 238 637
 2 636
 919 636
 438 635
 519 635
 766 635
 869 635
 905 635
 243 634
 369 634
 537 634
 803 634
 823 634
 255 633
 343 632
 719 632
 158 631
 261 631
 683 631
 123 630
 363 629
 468 629
 754 629
 646 628
 947 627
 835 626
 173 624
 308 624
 309 624
 627 624
 903 624
 960 624
 255 623
 332 623
 364 623
 406 623
 232 622
 818 622
 788 620
 709 619
 601 618
 856 617
 62 616
 320 616
 554 616
 865 616
 480 615
 611 615
 554 614
 714 614
 966 613
 704 612
 41 611
 346 611
 79 610
 392 610
 764 610
 368 609
 652 609
 658 609
 133 608
 996 608
 136 607
 804 607
 329 606
 439 606
 620 605
 780 605
 915 605
 504 604
 951 604
 11 603
 652 602
 673 602
 154 601
 349 601
 70 600
 322 600
 397 600
 165 598
 323 598
 460 598
 833 598
 53 596
 452 596
 607 595
 362 594
 623 594
 937 594
 10 593
 472 593
 19 592
 432 592
 102 591
 390 591
 81 589
 261 589
 632 589
 219 587
 334 587
 586 587
 197 586
 163 585
 712 581
 191 580
 449 580
 656 580
 92 579
 894 578
 132 577
 350 577
 377 576
 392 576
 150 573
 359 573
 771 573
 269 572
 284 572
 320 572
 404 572
 738 572
 139 571
 180 571
 568 570
 706 570
 448 569
 152 568
 668 567
 264 566
 358 566
 496 566
 844 566
 637 565
 665 565
 950 565
 262 564
 330 564
 70 563
 526 563
 555 563
 12 561
 402 561
 640 561
 441 560
 568 560
 931 560
 181 559
 318 558
 439 558
 447 558
 561 558
 878 558
 944 558
 469 557
 924 557
 535 554
 127 553
 366 553
 693 553
 375 552
 916 552
 178 551
 895 551
 909 549
 311 548
 1000 548
 111 547
 616 547
 996 547
 234 546
 133 545
 413 545
 511 545
 171 544
 306 544
 224 542
 928 542
 968 542
 29 541
 849 541
 19 540
 69 540
 229 539
 839 538
 230 537
 524 537
 434 535
 596 535
 837 535
 927 535
 763 533
 865 533
 395 532
 742 532
 131 531
 388 531
 481 531
 992 531
 608 530
 168 528
 401 528
 129 527
 559 527
 753 527
 861 527
 522 526
 690 526
 676 525
 414 524
 737 524
 431 523
 999 523
 323 522
 404 522
 890 522
 315 521
 550 521
 445 520
 482 520
 128 519
 154 517
 593 517
 201 516
 470 516
 761 514
 587 513
 8 512
 130 510
 521 510
 743 510
 812 510
 50 509
 852 509
 74 508
 706 508
 290 507
 508 507
 565 507
 279 506
 996 506
 13 505
 241 505
 329 505
 713 505
 891 505
 316 504
 484 504
 937 504
 376 502
 683 502
 734 502
 343 501
 363 501
 810 501
 839 501
 189 499
 720 499
 806 499
 928 499
 253 498
 519 498
 623 498
 904 498
 442 497
 774 497
 560 496
 737 496
 181 494
 452 493
 741 493
 751 493
 978 493
 922 492
 299 491
 309 490
 167 488
 598 488
 800 485
 121 484
 181 484
 304 484
 563 484
 866 484
 292 483
 522 483
 20 482
 309 482
 525 482
 38 481
 945 481
 240 480
 592 480
 351 479
 752 479
 11 478
 201 477
 218 477
 774 477
 161 476
 527 476
 991 476
 527 474
 525 473
 718 473
 110 471
 118 471
 215 471
 696 471
 928 471
 468 470
 689 470
 237 468
 35 467
 227 467
 717 466
 852 466
 85 465
 489 465
 530 465
 802 465
 858 465
 326 464
 584 464
 638 463
 799 462
 514 460
 521 460
 741 460
 964 460
 662 459
 743 459
 974 458
 334 455
 257 454
 440 454
 570 453
 188 452
 953 452
 119 450
 127 450
 481 450
 634 450
 90 449
 296 449
 477 449
 265 446
 557 446
 230 445
 397 445
 557 445
 614 445
 961 444
 204 443
 287 443
 327 442
 769 442
 901 442
 184 441
 784 441
 103 440
 938 440
 303 439
 3 437
 55 437
 875 437
 634 436
 27 435
 221 435
 631 435
 696 435
 964 435
 792 434
 266 433
 344 432
 678 432
 988 432
 206 431
 457 431
 561 431
 657 431
 244 429
 875 429
 70 428
 547 427
 676 427
 689 427
 882 427
 952 427
 284 426
 545 426
 626 426
 732 426
 914 426
 3 424
 394 424
 807 424
 36 423
 809 423
 266 422
 456 422
 817 422
 141 421
 302 421
 666 420
 178 419
 955 419
 204 418
 574 418
 903 418
 938 418
 145 416
 107 415
 673 415
 837 415
 944 415
 120 412
 750 412
 797 412
 954 412
 713 411
 109 410
 352 410
 835 410
 208 409
 280 409
 648 408
 878 408
 115 407
 681 407
 795 407
 462 406
 18 405
 78 405
 295 405
 243 404
 382 404
 609 402
 66 401
 793 401
 982 401
 7 400
 100 400
 160 399
 697 399
 262 398
 281 398
 293 397
 355 397
 346 396
 426 396
 621 396
 959 396
 17 395
 303 395
 468 395
 183 394
 570 394
 155 392
 903 392
 12 391
 32 390
 932 390
 384 389
 9 388
 731 387
 274 386
 944 386
 962 385
 563 384
 279 383
 1 382
 351 382
 426 382
 131 381
 276 381
 381 381
 394 381
 522 381
 873 381
 350 380
 851 380
 30 379
 560 379
 971 379
 148 378
 226 377
 279 377
 620 377
 765 376
 917 376
 300 375
 617 374
 925 374
 321 373
 756 373
 937 373
 231 372
 366 372
 612 372
 788 371
 808 371
 944 371
 110 370
 138 370
 831 370
 897 370
 497 368
 547 368
 432 367
 618 367
 823 366
 391 364
 471 364
 652 364
 37 363
 223 363
 610 363
 763 363
 931 363
 276 362
 512 362
 526 362
 536 362
 638 362
 363 361
 525 361
 981 361
 422 359
 779 359
 231 358
 764 358
 18 355
 165 355
 171 354
 159 353
 721 352
 621 351
 410 350
 576 350
 818 350
 706 349
 996 349
 319 348
 700 348
 787 348
 966 348
 214 347
 922 347
 420 346
 3 345
 575 345
 892 345
 134 344
 882 344
 894 344
 675 343
 177 342
 647 342
 62 341
 264 341
 379 340
 997 340
 3 339
 138 338
 220 338
 962 338
 70 337
 198 337
 427 337
 839 337
 920 337
 163 336
 488 336
 895 336
 935 336
 740 335
 932 335
 627 334
 107 333
 113 333
 419 333
 669 333
 133 332
 259 332
 387 332
 894 332
 931 331
 657 330
 715 330
 163 328
 482 328
 695 328
 455 327
 348 326
 500 325
 905 325
 679 324
 549 323
 194 322
 107 321
 190 321
 271 321
 373 320
 510 320
 804 320
 395 319
 782 319
 173 317
 186 317
 188 317
 693 317
 845 317
 336 316
 860 316
 87 315
 210 315
 350 314
 403 314
 872 314
 520 313
 907 313
 976 312
 622 311
 366 310
 856 310
 944 310
 652 309
 89 308
 595 308
 727 308
 819 308
 111 307
 272 307
 369 306
 432 306
 563 306
 447 304
 629 304
 834 304
 167 303
 549 303
 220 301
 884 301
 951 301
 341 300
 516 300
 117 299
 811 298
 119 297
 430 297
 475 297
 884 297
 718 293
 474 292
 746 292
 763 292
 474 291
 724 291
 931 291
 563 289
 288 288
 390 288
 516 288
 35 287
 369 286
 747 286
 303 284
 990 284
 649 282
 152 281
 949 281
 89 280
 137 280
 362 280
 116 279
 357 279
 417 279
 677 278
 929 278
 180 277
 207 277
 496 276
 530 276
 969 276
 514 275
 821 275
 310 274
 957 274
 328 271
 725 270
 177 269
 534 269
 691 268
 874 268
 392 267
 610 267
 918 267
 95 266
 160 266
 119 265
 577 264
 265 263
 350 262
 936 260
 956 260
 997 260
 11 259
 78 259
 354 259
 427 259
 543 259
 594 259
 454 258
 465 257
 532 256
 387 255
 722 255
 842 255
 602 252
 740 252
 861 251
 586 250
 744 249
 878 249
 959 249
 195 248
 264 248
 56 246
 87 245
 551 245
 60 244
 144 244
 800 244
 73 243
 495 243
 581 243
 248 242
 632 241
 820 241
 101 240
 463 240
 541 240
 666 240
 879 239
 485 238
 592 237
 774 237
 404 236
 202 235
 58 233
 289 233
 145 232
 108 231
 222 231
 83 229
 867 229
 732 227
 936 227
 365 226
 480 226
 866 226
 902 225
 375 224
 458 224
 495 224
 533 224
 864 223
 908 223
 194 222
 312 222
 787 222
 27 221
 123 221
 353 221
 265 219
 292 219
 556 219
 812 219
 21 218
 366 218
 178 217
 190 217
 601 216
 226 215
 215 214
 655 214
 883 214
 887 214
 671 213
 512 212
 979 212
 594 211
 797 211
 84 210
 562 210
 623 210
 151 209
 308 209
 385 209
 416 209
 710 209
 990 209
 644 206
 128 205
 502 205
 696 205
 568 204
 125 203
 794 203
 627 202
 814 202
 933 202
 996 202
 144 201
 186 201
 489 201
 26 200
 344 200
 574 200
 305 199
 809 199
 828 199
 246 197
 900 197
 594 196
 449 195
 123 194
 856 194
 340 193
 342 193
 342 193
 661 193
 42 192
 131 191
 249 191
 47 189
 857 189
 174 187
 408 186
 189 184
 484 184
 830 184
 184 183
 869 182
 409 181
 785 181
 50 180
 239 180
 806 180
 954 180
 633 178
 204 177
 694 177
 794 177
 72 176
 238 176
 474 176
 578 176
 292 175
 392 175
 831 175
 350 173
 655 173
 354 172
 490 172
 192 171
 329 171
 774 171
 312 168
 394 168
 414 168
 693 168
 966 168
 785 167
 812 167
 998 167
 49 166
 655 166
 786 166
 819 166
 983 166
 637 165
 940 165
 32 164
 671 164
 556 163
 329 162
 533 162
 701 162
 113 161
 315 161
 549 160
 709 160
 263 159
 431 159
 364 158
 19 157
 475 157
 545 157
 969 157
 420 156
 828 155
 196 154
 470 154
 557 154
 255 153
 782 153
 894 153
 948 153
 979 153
 124 152
 236 152
 493 152
 663 152
 886 152
 866 151
 873 151
 979 151
 92 150
 377 150
 409 150
 541 150
 557 150
 677 150
 516 149
 24 148
 90 148
 237 148
 559 148
 235 147
 497 147
 919 147
 983 147
 200 146
 452 145
 739 145
 788 145
 836 144
 978 144
 157 143
 288 143
 312 143
 762 142
 909 142
 814 141
 461 139
 26 138
 684 138
 796 137
 176 136
 649 136
 15 135
 30 135
 371 135
 316 134
 387 134
 340 133
 91 132
 601 132
 829 132
 616 131
 720 130
 733 130
 453 129
 5 127
 241 126
 335 126
 367 126
 608 126
 618 126
 212 124
 436 124
 830 124
 949 124
 599 123
 739 123
 856 122
 119 121
 345 121
 130 120
 806 120
 95 119
 174 118
 69 117
 377 117
 506 117
 442 116
 663 116
 797 116
 890 116
 142 115
 399 115
 492 115
 79 114
 189 114
 901 114
 502 113
 628 113
 665 113
 101 112
 154 111
 525 111
 94 110
 742 109
 206 108
 490 108
 779 107
 831 107
 639 106
 543 105
 927 105
 640 104
 829 104
 640 103
 970 102
 157 101
 168 100
 833 100
 109 99
 834 98
 147 97
 176 96
 748 96
 957 96
 585 95
 269 94
 296 93
 840 93
 941 93
 220 92
 346 92
 370 92
 517 92
 19 91
 173 91
 855 91
 639 90
 711 90
 406 89
 922 88
 343 87
 527 87
 882 87
 937 87
 996 87
 558 84
 704 84
 825 84
 248 82
 283 82
 246 81
 656 81
 771 81
 510 80
 559 80
 476 79
 493 79
 611 79
 710 79
 866 79
 115 78
 139 78
 506 78
 39 76
 661 76
 114 75
 128 75
 318 75
 417 75
 892 75
 300 74
 840 74
 128 73
 778 73
 857 73
 259 70
 142 69
 600 69
 989 68
 38 67
 72 67
 295 67
 314 67
 572 67
 838 67
 865 67
 181 66
 318 66
 373 66
 494 66
 379 65
 609 65
 58 64
 796 63
 578 62
 483 61
 841 61
 961 61
 253 60
 570 60
 808 59
 959 59
 154 58
 172 58
 841 58
 198 57
 488 57
 821 57
 497 56
 865 56
 884 56
 312 55
 372 55
 477 55
 901 55
 768 54
 646 52
 577 51
 858 51
 314 50
 83 49
 295 49
 138 48
 708 48
 899 48
 904 48
 677 47
 930 47
 646 46
 258 45
 400 45
 444 45
 546 44
 572 44
 879 44
 219 43
 504 43
 229 42
 235 42
 258 42
 526 42
 707 42
 626 41
 153 40
 177 40
 336 40
 350 40
 239 39
 372 39
 373 39
 857 39
 421 38
 424 38
 544 38
 604 38
 604 38
 833 38
 399 37
 64 36
 740 36
 7 35
 436 35
 602 35
 291 34
 952 34
 504 33
 197 32
 234 32
 470 31
 479 31
 293 30
 449 30
 474 29
 767 29
 811 29
 153 28
 503 27
 660 27
 683 27
 939 27
 531 26
 31 25
 366 25
 9 24
 243 24
 454 24
 733 23
 756 23
 352 22
 433 22
 436 22
 958 22
 866 20
 345 19
 881 18
 96 17
 214 17
 283 17
 329 16
 410 16
 906 16
 131 15
 515 15
 591 14
 141 13
 606 13
 516 12
 590 11
 605 11
 93 9
 622 9
 542 8
 879 8
 629 7
 756 7
 3 5
 116 5
 712 5
 861 4
 247 3
 328 3
 858 3
 964 3
 366 2
 968 2
 998 2
95
