556 1000
236 1000
16 1000
873 999
841 999
831 999
781 999
261 999
970 997
422 997
810 996
809 996
617 996
484 996
235 996
111 995
92 995
813 994
314 994
124 994
119 994
144 993
483 992
210 992
15 992
398 990
198 990
957 989
383 989
848 988
537 988
840 985
325 985
930 984
740 984
679 983
12 983
834 982
967 980
825 980
62 980
54 980
843 979
562 979
908 978
332 977
130 977
36 977
22 977
648 976
872 975
544 975
466 975
250 974
237 974
222 974
389 973
315 973
300 973
607 972
601 972
228 972
627 971
500 971
483 971
865 970
486 970
349 970
844 968
609 968
556 968
499 968
95 968
421 967
870 966
948 965
952 964
433 964
112 963
778 962
658 962
605 962
583 962
790 961
701 961
329 961
577 959
779 957
583 957
285 956
840 955
230 955
7 955
784 954
526 954
420 954
270 954
199 954
1 954
784 953
754 953
612 953
461 952
29 951
579 949
573 949
588 948
393 948
356 948
229 948
188 947
315 945
267 945
29 945
877 944
677 944
921 942
717 942
659 942
84 942
41 942
381 941
567 940
313 940
133 940
945 939
878 939
393 939
366 939
313 938
5 935
875 934
511 934
166 934
499 933
719 932
711 931
544 931
212 930
954 929
672 929
167 929
70 929
894 928
737 928
182 928
896 927
560 927
509 927
766 926
286 926
761 925
406 925
589 924
228 924
227 924
488 923
935 921
484 921
310 921
216 921
413 920
738 919
147 919
794 918
767 918
102 918
386 917
295 916
876 914
444 914
712 913
13 913
956 912
167 912
118 912
65 912
402 911
772 910
216 909
101 908
865 907
424 907
186 907
797 906
389 906
795 905
529 905
286 905
981 904
928 904
242 904
861 903
760 903
338 903
775 902
560 901
348 901
221 901
60 901
1000 900
748 900
532 900
371 900
164 900
471 898
259 898
53 898
182 897
790 896
614 896
288 896
780 895
144 895
978 894
63 894
857 893
705 893
77 892
347 891
916 890
438 890
224 890
67 890
884 889
667 889
779 888
956 887
812 887
648 887
374 887
42 887
596 886
900 885
381 885
287 885
474 883
293 883
106 883
70 883
622 882
901 881
258 881
625 880
756 879
138 878
413 876
209 876
138 876
978 875
923 874
814 874
858 873
692 873
553 873
777 872
423 872
197 872
183 872
898 871
746 870
198 870
403 869
278 869
65 868
223 867
148 867
649 866
167 862
824 860
456 860
939 859
231 859
363 858
69 858
404 857
57 857
839 856
515 856
786 855
335 855
579 854
545 854
509 854
437 854
121 854
63 854
51 854
666 853
618 852
878 851
910 850
471 850
121 850
654 849
304 849
271 848
811 847
193 847
357 845
568 844
367 844
675 843
128 843
284 842
227 842
3 842
963 841
948 841
127 841
337 840
328 840
984 839
507 839
871 838
728 838
552 838
134 837
785 836
691 836
865 834
538 834
542 833
530 833
824 831
768 831
433 831
56 831
342 830
224 829
962 828
699 828
338 827
204 827
696 826
51 826
5 826
979 825
788 825
537 825
28 825
939 824
741 823
326 823
776 822
463 822
696 820
362 818
355 818
882 816
41 816
716 814
449 814
965 813
917 813
807 813
799 813
965 811
434 811
979 810
505 810
858 809
743 809
953 808
345 808
268 808
680 806
478 806
126 806
2 806
810 805
2 804
881 803
127 803
125 803
659 802
946 801
517 801
458 801
317 801
787 800
424 800
568 799
856 798
675 797
696 796
787 795
694 795
392 795
220 795
75 795
554 793
254 793
248 793
53 793
944 792
855 792
820 792
520 792
407 791
173 791
132 791
47 791
882 790
649 789
547 789
301 789
122 789
91 789
356 788
157 788
887 786
592 786
825 784
797 783
720 783
281 783
326 782
441 781
28 781
732 780
598 780
12 780
682 779
576 779
557 779
350 779
609 778
193 778
79 778
911 777
765 776
750 776
650 776
526 776
51 776
810 775
576 775
377 775
226 775
11 775
798 774
705 774
269 774
21 774
344 773
216 773
204 773
596 772
368 772
959 771
289 771
806 770
721 769
963 768
917 768
562 768
196 768
835 767
598 767
387 767
284 766
173 766
520 765
54 765
184 764
39 764
630 763
359 762
240 761
899 760
852 760
786 760
751 759
509 759
255 759
977 758
363 757
438 756
347 756
219 756
2 755
728 754
727 754
394 754
641 753
191 753
54 753
542 752
251 752
124 752
829 751
763 751
714 751
488 751
402 751
516 747
487 747
413 747
905 746
841 746
634 746
263 746
253 746
983 745
924 745
864 745
669 744
316 744
216 744
81 744
510 743
700 742
866 741
378 741
268 741
137 741
86 741
238 739
862 738
618 738
450 738
190 738
944 736
885 736
881 736
285 736
248 736
989 735
925 735
873 735
449 735
394 735
210 735
873 734
274 734
234 734
654 733
316 733
578 732
273 732
177 732
81 732
868 731
971 729
415 729
952 727
934 726
892 726
699 726
635 726
487 726
145 726
595 724
906 723
610 723
86 723
1 723
902 722
720 722
320 722
464 721
274 721
140 721
571 720
453 720
798 719
584 719
569 719
745 718
505 718
401 718
673 717
488 717
521 716
517 715
483 715
34 714
722 713
336 711
27 711
20 711
4 711
981 710
136 710
248 709
837 708
647 708
301 708
960 707
934 706
203 706
697 705
686 705
285 703
217 702
933 701
13 701
989 700
947 699
589 699
878 698
775 698
503 698
41 698
531 697
13 697
387 696
219 696
186 696
86 696
14 696
853 695
523 695
280 695
51 695
136 694
690 693
366 693
276 692
259 692
788 690
603 690
768 689
395 689
839 688
483 688
753 687
631 687
50 687
613 686
589 686
98 686
800 685
710 685
416 685
619 684
544 684
107 684
5 684
868 683
96 683
961 681
682 681
483 681
856 680
620 680
419 680
984 679
911 679
580 679
646 678
557 678
925 676
314 676
542 675
674 674
935 673
593 673
922 672
402 671
614 670
108 670
767 669
17 669
641 668
441 668
167 668
83 668
44 668
261 667
68 667
559 666
359 666
219 666
722 665
527 665
428 665
873 664
662 664
405 664
320 664
16 664
10 664
956 663
254 662
25 662
664 660
279 660
950 659
649 659
100 659
17 659
951 658
422 658
596 656
76 656
722 655
324 655
145 655
863 654
545 653
170 653
792 652
570 649
416 649
267 649
166 649
153 649
709 646
681 645
35 645
861 644
335 644
238 644
843 643
706 643
489 643
350 643
340 643
268 643
953 642
747 640
744 640
947 639
416 639
238 637
156 637
919 636
2 636
905 635
869 635
766 635
519 635
438 635
823 634
803 634
537 634
369 634
243 634
255 633
719 632
343 632
683 631
261 631
158 631
123 630
754 629
468 629
363 629
646 628
947 627
835 626
960 624
903 624
627 624
309 624
308 624
173 624
406 623
364 623
332 623
255 623
818 622
232 622
788 620
709 619
601 618
856 617
865 616
554 616
320 616
62 616
611 615
480 615
714 614
554 614
966 613
704 612
346 611
41 611
764 610
392 610
79 610
658 609
652 609
368 609
996 608
133 608
804 607
136 607
439 606
329 606
915 605
780 605
620 605
951 604
504 604
11 603
673 602
652 602
349 601
154 601
397 600
322 600
70 600
833 598
460 598
323 598
165 598
452 596
53 596
607 595
937 594
623 594
362 594
472 593
10 593
432 592
19 592
390 591
102 591
632 589
261 589
81 589
586 587
334 587
219 587
197 586
163 585
712 581
656 580
449 580
191 580
92 579
894 578
350 577
132 577
392 576
377 576
771 573
359 573
150 573
738 572
404 572
320 572
284 572
269 572
180 571
139 571
706 570
568 570
448 569
152 568
668 567
844 566
496 566
358 566
264 566
950 565
665 565
637 565
330 564
262 564
555 563
526 563
70 563
640 561
402 561
12 561
931 560
568 560
441 560
181 559
944 558
878 558
561 558
447 558
439 558
318 558
924 557
469 557
535 554
693 553
366 553
127 553
916 552
375 552
895 551
178 551
909 549
1000 548
311 548
996 547
616 547
111 547
234 546
511 545
413 545
133 545
306 544
171 544
968 542
928 542
224 542
849 541
29 541
69 540
19 540
229 539
839 538
524 537
230 537
927 535
837 535
596 535
434 535
865 533
763 533
742 532
395 532
992 531
481 531
388 531
131 531
608 530
401 528
168 528
861 527
753 527
559 527
129 527
690 526
522 526
676 525
737 524
414 524
999 523
431 523
890 522
404 522
323 522
550 521
315 521
482 520
445 520
128 519
593 517
154 517
470 516
201 516
761 514
587 513
8 512
812 510
743 510
521 510
130 510
852 509
50 509
706 508
74 508
565 507
508 507
290 507
996 506
279 506
891 505
713 505
329 505
241 505
13 505
937 504
484 504
316 504
734 502
683 502
376 502
839 501
810 501
363 501
343 501
928 499
806 499
720 499
189 499
904 498
623 498
519 498
253 498
774 497
442 497
737 496
560 496
181 494
978 493
751 493
741 493
452 493
922 492
299 491
309 490
598 488
167 488
800 485
866 484
563 484
304 484
181 484
121 484
522 483
292 483
525 482
309 482
20 482
945 481
38 481
592 480
240 480
752 479
351 479
11 478
774 477
218 477
201 477
991 476
527 476
161 476
527 474
718 473
525 473
928 471
696 471
215 471
118 471
110 471
689 470
468 470
237 468
227 467
35 467
852 466
717 466
858 465
802 465
530 465
489 465
85 465
584 464
326 464
638 463
799 462
964 460
741 460
521 460
514 460
743 459
662 459
974 458
334 455
440 454
257 454
570 453
953 452
188 452
634 450
481 450
127 450
119 450
477 449
296 449
90 449
557 446
265 446
614 445
557 445
397 445
230 445
961 444
287 443
204 443
901 442
769 442
327 442
784 441
184 441
938 440
103 440
303 439
875 437
55 437
3 437
634 436
964 435
696 435
631 435
221 435
27 435
792 434
266 433
988 432
678 432
344 432
657 431
561 431
457 431
206 431
875 429
244 429
70 428
952 427
882 427
689 427
676 427
547 427
914 426
732 426
626 426
545 426
284 426
807 424
394 424
3 424
809 423
36 423
817 422
456 422
266 422
302 421
141 421
666 420
955 419
178 419
938 418
903 418
574 418
204 418
145 416
944 415
837 415
673 415
107 415
954 412
797 412
750 412
120 412
713 411
835 410
352 410
109 410
280 409
208 409
878 408
648 408
795 407
681 407
115 407
462 406
295 405
78 405
18 405
382 404
243 404
609 402
982 401
793 401
66 401
100 400
7 400
697 399
160 399
281 398
262 398
355 397
293 397
959 396
621 396
426 396
346 396
468 395
303 395
17 395
570 394
183 394
903 392
155 392
12 391
932 390
32 390
384 389
9 388
731 387
944 386
274 386
962 385
563 384
279 383
426 382
351 382
1 382
873 381
522 381
394 381
381 381
276 381
131 381
851 380
350 380
971 379
560 379
30 379
148 378
620 377
279 377
226 377
917 376
765 376
300 375
925 374
617 374
937 373
756 373
321 373
612 372
366 372
231 372
944 371
808 371
788 371
897 370
831 370
138 370
110 370
547 368
497 368
618 367
432 367
823 366
652 364
471 364
391 364
931 363
763 363
610 363
223 363
37 363
638 362
536 362
526 362
512 362
276 362
981 361
525 361
363 361
779 359
422 359
764 358
231 358
165 355
18 355
171 354
159 353
721 352
621 351
818 350
576 350
410 350
996 349
706 349
966 348
787 348
700 348
319 348
922 347
214 347
420 346
892 345
575 345
3 345
894 344
882 344
134 344
675 343
647 342
177 342
264 341
62 341
997 340
379 340
3 339
962 338
220 338
138 338
920 337
839 337
427 337
198 337
70 337
935 336
895 336
488 336
163 336
932 335
740 335
627 334
669 333
419 333
113 333
107 333
894 332
387 332
259 332
133 332
931 331
715 330
657 330
695 328
482 328
163 328
455 327
348 326
905 325
500 325
679 324
549 323
194 322
271 321
190 321
107 321
804 320
510 320
373 320
782 319
395 319
845 317
693 317
188 317
186 317
173 317
860 316
336 316
210 315
87 315
872 314
403 314
350 314
907 313
520 313
976 312
622 311
944 310
856 310
366 310
652 309
819 308
727 308
595 308
89 308
272 307
111 307
563 306
432 306
369 306
834 304
629 304
447 304
549 303
167 303
951 301
884 301
220 301
516 300
341 300
117 299
811 298
884 297
475 297
430 297
119 297
718 293
763 292
746 292
474 292
931 291
724 291
474 291
563 289
516 288
390 288
288 288
35 287
747 286
369 286
990 284
303 284
649 282
949 281
152 281
362 280
137 280
89 280
417 279
357 279
116 279
929 278
677 278
207 277
180 277
969 276
530 276
496 276
821 275
514 275
957 274
310 274
328 271
725 270
534 269
177 269
874 268
691 268
918 267
610 267
392 267
160 266
95 266
119 265
577 264
265 263
350 262
997 260
956 260
936 260
594 259
543 259
427 259
354 259
78 259
11 259
454 258
465 257
532 256
842 255
722 255
387 255
740 252
602 252
861 251
586 250
959 249
878 249
744 249
264 248
195 248
56 246
551 245
87 245
800 244
144 244
60 244
581 243
495 243
73 243
248 242
820 241
632 241
666 240
541 240
463 240
101 240
879 239
485 238
774 237
592 237
404 236
202 235
289 233
58 233
145 232
222 231
108 231
867 229
83 229
936 227
732 227
866 226
480 226
365 226
902 225
533 224
495 224
458 224
375 224
908 223
864 223
787 222
312 222
194 222
353 221
123 221
27 221
812 219
556 219
292 219
265 219
366 218
21 218
190 217
178 217
601 216
226 215
887 214
883 214
655 214
215 214
671 213
979 212
512 212
797 211
594 211
623 210
562 210
84 210
990 209
710 209
416 209
385 209
308 209
151 209
644 206
696 205
502 205
128 205
568 204
794 203
125 203
996 202
933 202
814 202
627 202
489 201
186 201
144 201
574 200
344 200
26 200
828 199
809 199
305 199
900 197
246 197
594 196
449 195
856 194
123 194
661 193
342 193
342 193
340 193
42 192
249 191
131 191
857 189
47 189
174 187
408 186
830 184
484 184
189 184
184 183
869 182
785 181
409 181
954 180
806 180
239 180
50 180
633 178
794 177
694 177
204 177
578 176
474 176
238 176
72 176
831 175
392 175
292 175
655 173
350 173
490 172
354 172
774 171
329 171
192 171
966 168
693 168
414 168
394 168
312 168
998 167
812 167
785 167
983 166
819 166
786 166
655 166
49 166
940 165
637 165
671 164
32 164
556 163
701 162
533 162
329 162
315 161
113 161
709 160
549 160
431 159
263 159
364 158
969 157
545 157
475 157
19 157
420 156
828 155
557 154
470 154
196 154
979 153
948 153
894 153
782 153
255 153
886 152
663 152
493 152
236 152
124 152
979 151
873 151
866 151
677 150
557 150
541 150
409 150
377 150
92 150
516 149
559 148
237 148
90 148
24 148
983 147
919 147
497 147
235 147
200 146
788 145
739 145
452 145
978 144
836 144
312 143
288 143
157 143
909 142
762 142
814 141
461 139
684 138
26 138
796 137
649 136
176 136
371 135
30 135
15 135
387 134
316 134
340 133
829 132
601 132
91 132
616 131
733 130
720 130
453 129
5 127
618 126
608 126
367 126
335 126
241 126
949 124
830 124
436 124
212 124
739 123
599 123
856 122
345 121
119 121
806 120
130 120
95 119
174 118
506 117
377 117
69 117
890 116
797 116
663 116
442 116
492 115
399 115
142 115
901 114
189 114
79 114
665 113
628 113
502 113
101 112
525 111
154 111
94 110
742 109
490 108
206 108
831 107
779 107
639 106
927 105
543 105
829 104
640 104
640 103
970 102
157 101
833 100
168 100
109 99
834 98
147 97
957 96
748 96
176 96
585 95
269 94
941 93
840 93
296 93
517 92
370 92
346 92
220 92
855 91
173 91
19 91
711 90
639 90
406 89
922 88
996 87
937 87
882 87
527 87
343 87
825 84
704 84
558 84
283 82
248 82
771 81
656 81
246 81
559 80
510 80
866 79
710 79
611 79
493 79
476 79
506 78
139 78
115 78
661 76
39 76
892 75
417 75
318 75
128 75
114 75
840 74
300 74
857 73
778 73
128 73
259 70
600 69
142 69
989 68
865 67
838 67
572 67
314 67
295 67
72 67
38 67
494 66
373 66
318 66
181 66
609 65
379 65
58 64
796 63
578 62
961 61
841 61
483 61
570 60
253 60
959 59
808 59
841 58
172 58
154 58
821 57
488 57
198 57
884 56
865 56
497 56
901 55
477 55
372 55
312 55
768 54
646 52
858 51
577 51
314 50
295 49
83 49
904 48
899 48
708 48
138 48
930 47
677 47
646 46
444 45
400 45
258 45
879 44
572 44
546 44
504 43
219 43
707 42
526 42
258 42
235 42
229 42
626 41
350 40
336 40
177 40
153 40
857 39
373 39
372 39
239 39
833 38
604 38
604 38
544 38
424 38
421 38
399 37
740 36
64 36
602 35
436 35
7 35
952 34
291 34
504 33
234 32
197 32
479 31
470 31
449 30
293 30
811 29
767 29
474 29
153 28
939 27
683 27
660 27
503 27
531 26
366 25
31 25
454 24
243 24
9 24
756 23
733 23
958 22
436 22
433 22
352 22
866 20
345 19
881 18
283 17
214 17
96 17
906 16
410 16
329 16
515 15
131 15
591 14
606 13
141 13
516 12
605 11
590 11
622 9
93 9
879 8
542 8
756 7
629 7
712 5
116 5
3 5
861 4
964 3
858 3
328 3
247 3
998 2
968 2
366 2
90
